0000
000000
00000000
1111
111111
11111111
2222
222222
22222222
3333
333333
33333333
4444
444444
44444444
5555
555555
55555555
6666
666666
66666666
7777
777777
77777777
8888
888888
88888888
9999
999999
99999999
1234
4321
1212
1122
1313
2000
2001
2002
2003
2004
2005
2010
2015
2020
2021
2022
2023
2024
2025
2026
2580
0852
1470
0741
3690
0963
1590
0951
3570
0753
1004
2468
1357
1020
2030
3040
4050
5060
6070
7080
8090
9010
0007
0070
123456
654321
123123
112233
121212
131313
102030
302010
111222
123321
654456
147258
258369
369258
159357
987654
1950
1951
1952
1953
1954
1955
1956
1957
1958
1959
1960
1961
1962
1963
1964
1965
1966
1967
1968
1969
1970
1971
1972
1973
1974
1975
1976
1977
1978
1979
1980
1981
1982
1983
1984
1985
1986
1987
1988
1989
1990
1991
1992
1993
1994
1995
1996
1997
1998
1999
2006
2007
2008
2009
2011
2012
2013
2014
2016
2017
2018
2019
2027
2028
2029
